STUDENTS:
123 2 2 3 3 5 5 5 3 4 2
124 2 5 4 2 3 2 3 2 4 3
125 2 5 2 5 4 2 5 2 5 2
126 5 5 5 5 5 5 5 5 5 5
127 5 5 5 5 5 5 5 5 5 5
128 4 4 4 4 4 4 4 4 4 4
129 4 4 4 4 4 5 4 4 4 5
130 4 4 4 4 4 4 3 4 4 3
131 2 2 2 2 2 2 2 4 2 2
132 2 2 2 2 2 2 2 2 2 2
133 2 2 2 3 2 2 2 2 2 2
134 2 2 2 2 2 2 2 2 2 2
135 2 2 2 2 2 2 2 5 2 2
136 2 2 3 3 3 2 2 2 2 2
CHANGES:
135 0 5
135 1 5
135 2 5
135 3 5
135 4 5
135 5 5
135 6 5
135 7 5
135 8 5
135 9 5
127 0 2
127 1 2
127 2 2
127 3 2
127 4 2
127 5 2
127 6 2
127 7 2
127 8 2
127 9 2
BORDERS:
3.0
4.0