0.091000
0.079000
0.079000
0.078000
0.080000
0.078000
0.095000
0.078000
0.077000
0.077000
0.078000
0.079000
0.077000
0.078000
0.077000
0.077000
0.079000
0.092000
0.079000
0.094000
0.081000
0.077000
0.078000
0.079000
0.079000
0.078000
0.079000
0.080000
0.078000
0.080000
0.092000
0.092000
0.077000
0.076000
0.079000
0.094000
0.077000
0.078000
0.077000
0.078000
0.079000
0.079000
0.076000
0.078000
0.076000
0.079000
0.095000
0.095000
0.077000
0.077000
0.078000
0.091000
0.079000
0.076000
0.077000
0.079000
0.077000
0.092000
0.078000
0.079000
0.078000
0.079000
0.078000
0.093000
0.096000
0.093000
0.078000
0.095000
0.095000
0.094000
0.078000
0.079000
0.079000
0.078000
0.096000
0.094000
0.079000
0.079000
0.079000
0.093000
0.078000
0.078000
0.079000
0.078000
0.095000
0.079000
0.078000
0.079000
0.079000
0.080000
0.079000
0.093000
0.095000
0.094000
0.077000
0.078000
0.078000
0.079000
0.092000
0.079000

Максимальное время: 0.096000
Минимальное время: 0.076000

Выборочное отклонение 0.082080

Среднеквадрати́ческое отклоне́ние 0.006773